9.236 
12.885 
10.479 
11.545 
11.598 
10.501 
10.932 
14.150 
11.404 
11.478 
12.741 
12.110 
11.717 
10.550 
10.571 
10.412 
14.793 
15.200 
14.033 
11.589 
13.213 
11.058 
12.061 
11.300 
15.205 
10.106 
13.045 
13.158 
11.813 
10.367 
14.022 
11.648 
12.929 
12.524 
12.122 
11.340 
10.384 
11.284 
12.073 
11.272 
10.078 
12.271 
15.583 
11.490 
11.764 
12.268 
11.158 
10.084 
12.428 
12.676 
10.984 
12.244 
10.933 
14.187 
13.958 
11.614 
12.541 
10.692 
14.606 
12.341 
11.137 
11.285 
11.878 
10.530 
12.491 
12.114 
12.349 
11.246 
10.973 
10.027 
11.837 
10.909 
13.395 
14.084 
13.326 
14.027 
13.729 
12.873 
11.946 
12.940 
12.456 
13.661 
11.638 
11.902 
14.999 
11.735 
11.220 
13.329 
11.078 
11.587 
10.705 
11.639 
11.322 
12.411 
12.909 
12.755 
12.755 
12.955 
12.567 
14.327 
12.721 
