13.004 
12.724 
11.964 
12.408 
10.922 
12.078 
12.168 
12.792 
11.715 
13.380 
12.728 
12.147 
11.573 
13.310 
12.414 
12.265 
12.421 
13.784 
13.413 
12.969 
13.607 
11.792 
12.005 
12.999 
11.566 
12.108 
13.071 
13.559 
13.370 
11.922 
12.320 
12.954 
13.191 
13.404 
12.991 
12.546 
11.578 
13.257 
11.901 
12.431 
11.596 
13.423 
12.067 
12.842 
12.136 
12.245 
13.246 
12.274 
11.819 
12.301 
13.123 
12.659 
11.098 
13.229 
11.435 
11.827 
12.595 
12.807 
12.995 
10.847 
11.847 
12.345 
13.047 
12.473 
12.610 
12.968 
11.969 
12.313 
12.786 
12.835 
11.751 
12.135 
12.881 
12.824 
12.148 
11.843 
12.299 
11.558 
12.460 
12.486 
12.069 
12.221 
11.918 
11.733 
13.045 
12.177 
12.835 
12.511 
12.575 
14.407 
11.264 
12.437 
13.443 
12.678 
13.630 
13.766 
12.497 
13.714 
12.425 
13.504 
12.175 
