11.276 
11.356 
11.586 
11.223 
11.530 
11.245 
11.340 
11.342 
11.630 
11.340 
11.397 
11.383 
11.347 
11.330 
11.236 
11.346 
11.445 
11.404 
11.444 
11.440 
11.530 
11.314 
11.451 
11.946 
11.391 
11.258 
11.427 
11.477 
11.394 
11.452 
11.398 
11.461 
11.434 
11.262 
11.455 
11.377 
11.533 
11.217 
11.592 
11.333 
11.499 
11.470 
11.559 
11.374 
11.475 
11.495 
11.468 
11.507 
11.465 
11.695 
11.620 
11.552 
11.417 
11.558 
11.310 
11.398 
11.575 
11.515 
11.251 
11.261 
11.551 
11.501 
11.513 
11.334 
11.448 
11.514 
11.490 
11.369 
11.348 
11.413 
11.470 
11.203 
11.380 
11.355 
11.335 
11.436 
11.431 
11.318 
11.515 
11.471 
11.464 
11.623 
11.659 
11.464 
11.435 
11.261 
11.418 
11.487 
11.370 
11.652 
11.417 
11.359 
11.302 
11.478 
11.626 
11.342 
11.465 
11.416 
11.182 
11.431 
11.244 
11.421 
11.447 
11.397 
11.455 
11.470 
11.422 
11.139 
11.387 
11.103 
11.351 
11.463 
11.423 
11.466 
11.361 
11.354 
11.439 
11.316 
11.323 
11.220 
11.415 
11.375 
11.326 
11.579 
11.509 
11.368 
11.293 
11.478 
11.175 
11.249 
11.425 
11.312 
11.509 
11.291 
11.635 
11.262 
11.572 
11.474 
11.329 
11.345 
11.229 
11.252 
11.255 
11.440 
11.273 
11.255 
11.169 
11.443 
11.417 
11.363 
11.351 
11.367 
11.515 
11.376 
11.545 
11.533 
11.253 
11.475 
11.317 
11.292 
11.139 
11.346 
11.216 
11.208 
11.056 
11.430 
11.324 
11.304 
11.135 
11.434 
11.352 
11.475 
11.531 
11.468 
11.162 
11.542 
11.569 
11.273 
11.487 
11.371 
11.619 
11.453 
11.582 
11.435 
11.636 
11.373 
11.393 
11.403 
11.430 
11.234 
11.346 
11.382 
11.280 
11.414 
11.482 
11.691 
11.532 
11.366 
11.482 
11.541 
11.269 
11.375 
11.460 
11.455 
11.350 
11.410 
11.450 
11.435 
11.376 
11.277 
11.273 
11.260 
11.296 
11.359 
11.376 
11.494 
11.258 
11.480 
11.696 
11.301 
11.589 
11.488 
11.414 
11.436 
11.324 
11.096 
11.282 
11.579 
11.558 
11.383 
11.545 
11.444 
11.461 
11.375 
11.295 
11.374 
11.393 
11.672 
11.623 
11.225 
11.368 
11.382 
11.519 
11.400 
11.458 
11.440 
11.405 
11.469 
11.328 
11.487 
11.240 
11.280 
11.382 
11.514 
11.407 
11.187 
11.518 
11.200 
11.512 
11.417 
11.424 
11.356 
11.387 
11.404 
11.315 
11.398 
11.137 
11.393 
11.253 
11.281 
11.524 
11.407 
11.401 
11.516 
