10.027 
12.567 
14.327 
12.721 
12.674 
10.717 
14.737 
11.636 
11.470 
13.858 
12.049 
10.063 
10.194 
12.332 
13.442 
11.876 
13.348 
13.955 
14.921 
10.212 
12.251 
13.118 
14.689 
14.166 
10.494 
11.693 
10.903 
12.599 
11.367 
12.862 
13.886 
10.465 
10.865 
13.158 
14.716 
12.832 
14.616 
12.670 
13.589 
13.159 
14.577 
12.915 
11.433 
12.055 
12.474 
14.045 
11.041 
13.028 
14.046 
12.294 
13.331 
10.543 
11.000 
12.237 
12.789 
11.407 
12.787 
14.380 
12.295 
13.074 
9.041 
12.966 
15.791 
9.805 
11.335 
14.548 
11.739 
11.448 
12.975 
12.484 
11.553 
11.279 
13.181 
12.692 
14.108 
11.173 
12.496 
13.042 
13.121 
14.606 
14.088 
10.495 
14.942 
15.370 
12.159 
14.633 
11.647 
12.348 
12.247 
13.628 
14.352 
11.560 
12.711 
13.020 
12.171 
12.940 
13.483 
11.507 
11.745 
12.706 
13.266 
13.143 
