11.754 
11.106 
12.011 
10.204 
12.847 
11.656 
11.831 
10.096 
13.471 
11.941 
11.891 
10.548 
11.825 
11.217 
10.816 
10.793 
11.655 
13.128 
11.358 
12.690 
13.751 
10.943 
10.765 
10.785 
10.567 
12.099 
11.999 
12.680 
12.210 
12.042 
10.177 
11.823 
11.399 
11.747 
11.080 
11.240 
11.492 
11.408 
13.147 
11.227 
10.763 
11.981 
13.955 
11.298 
10.934 
10.909 
12.270 
12.137 
10.998 
12.882 
11.184 
11.560 
12.735 
11.468 
12.157 
11.941 
10.861 
11.321 
11.612 
11.183 
11.348 
9.935 
11.213 
12.279 
12.569 
12.988 
11.863 
11.385 
11.859 
11.647 
10.246 
12.982 
12.471 
12.387 
10.725 
10.611 
13.372 
9.816 
9.992 
11.932 
11.673 
11.418 
10.813 
11.014 
11.077 
12.738 
12.061 
11.783 
11.507 
12.545 
11.018 
11.363 
9.614 
11.044 
12.046 
10.713 
10.580 
12.307 
12.267 
11.148 
11.327 
